6.08 50.78 9.7
10.2 53.65 8.2
9 48.27 6.4
13.08 48.58 8.1
10.43 51.78 6.2
8.12 49.72 9.4
11.85 49.47 7.8
13.98 53.02 8.3
13 50.57 6.6
10.57 49.28 8.3
10.58 49.23 7.5
13.43 54.67 7.9
8.07 51.37 8.4
11.28 51.37 8.5
10.93 48.42 8
9.67 47.97 7.6
7.47 53.45 8.4
8.27 48.52 7.2
10.9 49.87 8.5
8.68 52.85 8.6
11.55 49.95 7.7
12 47.67 6.6
8.97 49.55 8
12.78 52.62 8.8
7.98 49.1 9.8
8.38 51.03 7
13.5 52.62 8.8
13.3 52.45 8.9
13.3 52.55 9.3
13.4 52.47 9.4
11.7 51.82 9.2
7.07 49.92 10.1
6.68 49.25 8.8
8.52 50.92 7.7
9.48 49.87 7.5
12.32 51.63 10
6.53 51.82 9.4
10.68 53.38 8.3
11.18 54 8.4
7.13 50.7 10.2
8.33 47.82 6.8
6.73 53.55 9.1
9.63 49.43 8.3
8.47 53.32 8.8
9.7 53.85 8.1
10.6 51.72 5.9
10.43 52.28 8.8
8.78 53.03 8.8
8.57 53.53 9
10.62 51.8 2.9
11.93 47.93 7.8
9.78 50.3 7.8
9.32 49.52 8.1
9.93 53.35 7.8
9.08 52.28 9.2
10.02 52.58 8.9
12.67 49.22 7.9
12.87 50.78 7.9
10.33 51.8 6.2
14.32 51.77 8.9
8.7 53.87 8.9
8.58 49.85 10
7.05 49.75 7.9
8.48 48.78 7.4
13.57 51.63 8.5
8.5 47.93 7
13.75 51.12 8.9
9.03 51.73 8.3
8.53 48 6.9
6.77 51.28 10.3
6.75 51.2 10.3
9.88 51.82 8.8
11.57 51.5 8.5
10.12 48.98 7.7
6.55 50.92 9.8
7.18 53.33 9.1
7.22 53.37 8.8
7.42 50.98 8.6
9.3 48.47 6.8
8.47 48.67 6.8
11.8 48.35 7.8
9.32 54.3 8.3
10.95 50.98 7.9
9.53 47.63 8.8
11 49.6 8.6
7.65 47.88 10.1
6.97 51.4 9.6
8 47.87 3.3
12.95 50.42 2.9
9.42 54.8 8.2
8.58 50.03 9.7
8.67 50.13 9.7
14.53 52.35 8.7
7.93 48.2 9.1
9.23 53.82 8.4
8.4 48.45 6.6
8.25 47.92 5.9
11.03 51.68 6.7
9.48 47.65 9.1
7.93 53.08 8.7
9.67 50.53 8
11.38 52.5 8.5
11.05 47.48 6.5
7.95 49.98 9.9
12.15 52.38 8.6
12.12 50.87 7.8
8.52 49.75 10
8.68 50.58 9.1
9.42 53.78 8.5
14.95 51.15 8.2
9.95 51.5 8.7
12.1 53.6 8.1
10.67 53.57 8.3
13.4 54.08 8.1
12.33 54.07 7.8
8.22 52.92 8.7
13.13 49.1 2.7
13.93 53.32 7.9
10.23 51.78 7.4
10.33 51.85 6.1
11.95 51.5 9.1
9.98 53.63 8.6
9.97 53.55 9.4
10.12 53.58 9
9.67 52.45 8.9
10.53 51.88 8.5
11.13 51.65 6.8
8.65 49.42 10.6
10.12 48.67 6.8
7.98 50.17 7.7
7.88 54.17 9.1
11.02 52.22 8.9
9 53.97 8.2
8.68 52.12 9.3
8.43 48.8 8.5
6.55 50.15 6.9
9.73 50.85 8.7
10.43 47.53 5.9
8.1 47.88 5.6
8.15 47.73 6.1
11.87 50.3 6.4
9.47 51.53 7.7
11 47.8 6.5
9.53 54.3 8
9.45 51.82 8.9
9.53 51.77 6.9
8.2 48.6 4.8
11.67 48.6 7.6
9.05 54.47 8.2
9.13 54.52 7.8
10.03 47.68 6.8
11.58 50.92 9.3
7.9 53.53 8.6
6.4 50.9 9.6
13.1 52 8.7
8.48 51.17 4.9
7.73 49.42 9.4
6.52 50.5 7.3
10.13 50.62 6.7
11.28 48.67 7.8
8.35 49.03 10.3
9.43 51.28 8.5
10.85 48.08 7.4
10.33 47.72 6.9
10.13 54.37 8.5
10.08 54.33 8.3
10.07 50.22 8.6
8.43 50.22 5.6
6.08 51.75 9.6
8.75 48.1 6.2
7.15 50.85 9.6
8.42 48.13 6.6
11.48 48.82 7.8
11.03 47.67 6.9
9.18 47.67 9.2
11.73 47.63 6.5
7.87 49.85 9.5
10.42 48.25 7.7
12.15 48.5 8.1
9.7 48.48 6.7
7.47 53.73 8.7
11.87 51.38 8.9
10.47 51.63 7.5
10.97 50.3 8.1
8.93 54.78 7.9
9.87 54.73 8.2
12.5 48.75 7.8
10.3 51.38 7.5
12.43 51.3 9.1
12.23 51.43 8.8
9.52 48.53 7.2
8.2 47.87 6.1
6.97 51 10.8
7.67 48.07 8.9
8.05 50.4 9.3
14.12 52.2 8.6
8.78 49.67 9.4
7.3 52.52 9.4
8.83 51.78 8.9
8.38 51.63 9.3
8.4 55 8.4
7.75 52.73 9
9.6 50 8.6
10.7 53.8 8.1
11.13 52.97 8.6
7.63 51.2 7.9
7.4 51.77 9.4
10.42 53.27 8.9
11.58 52.1 8.7
6.8 50.08 7.8
8.55 49.5 10.2
8.75 50.83 8.9
7.95 50.65 6.8
10.37 50.55 6.9
13.03 53.1 8
12.92 48.85 7.7
12.02 48.15 7.5
10.68 53.6 8.4
12.5 48.27 8
7.63 47.8 9.7
14.12 52.52 8.3
11.5 48.17 8.1
11.7 48.13 7.8
11.53 48.15 9.1
7.58 51.95 9.2
13.18 53.53 7.9
7.08 50.53 9.8
9.4 50.88 7.2
9.97 54.08 8.4
12.8 52.9 8.5
8.17 49.33 10.1
13.08 53.33 8
9.2 52.63 9
10.5 48.85 8
7.15 53.7 9
6.95 50.33 6.7
11.05 49.5 8.8
9.32 48.62 8.8
12.17 47.65 7.7
10.27 47.38 6.1
9.52 49.2 9.1
8.75 50.08 10.3
13.08 51.28 8.6
8.05 52.25 9.1
13.47 48.57 8
10.85 49.12 7.6
8.73 48.9 9.1
12.12 50.47 7.5
10.4 54.15 8.4
13.05 52.38 8.7
13.47 54.35 7.9
11.13 51.77 8.8
12.68 47.73 3.4
7.17 51.62 9.6
12.1 49.03 8.2
12.87 47.72 8
12.45 47.67 6.2
7.98 48.67 9.7
7.78 47.55 10
8.33 48.97 9.8
12.12 47.87 8.3
12.07 54.17 8.4
8.15 52.1 9
11.77 47.67 6.8
8.63 48.17 7.3
12.65 47.72 6
7.1 49.2 8.9
7.02 49.22 10.4
10.53 51.6 7.2
8.75 52.1 9.2
8.12 47.75 6.2
8.6 54.32 8.5
8.97 49.92 9.2
9.15 51.9 8.6
10.63 51.77 5.3
9.53 54.52 8
7.75 49.78 9.2
8.18 47.82 5.6
10.77 50.65 4.4
8.63 48.78 7.4
12.98 47.6 7.2
9.12 50.48 8.2
10.42 51.83 6.2
9.7 49.12 8.6
11.8 48.37 7.7
10.72 47.57 6.8
11.38 53.63 8.4
11.72 52.88 8.5
10.18 51.9 8.5
12.17 50.18 6.2
13.02 48.27 8
9.83 52.98 8.4
9.92 51.05 7.4
9.95 51.27 8.8
12.1 51.6 8.9
9.87 48.65 6.8
12.55 48.82 8.3
9.17 48.77 10.1
9.2 48.82 9.5
9.2 48.7 8.7
11.75 47.7 7.4
12.62 53.75 8.1
12.05 52.23 8.8
7.03 49.47 8.4
8.18 47.93 5.7
8.13 47.9 5.6
8 47.72 6.2
11.53 47.77 7.2
13 51.58 8.7
10.87 53.97 8.6
8.23 48.12 7.1
6.63 49.75 9.9
6.65 49.73 9.1
9.18 47.77 8.7
10.52 52.93 8.5
9.95 48.38 7.9
9.4 48.48 8
11.07 49.58 8.2
11.4 51.6 8.2
8.3 52.83 8.8
7.63 48.08 10.1
9.57 51.62 8.4
8.35 50.25 8.1
13.45 48.92 5.6
12.67 53.52 8.1
9.93 50.48 4.8
12.18 49.67 7.4
11.68 48.4 7.5
6.78 50.7 9.6
8.12 49.37 7.8
9.62 47.8 8.7
9.28 49.15 9.6
10.95 49.02 8.1
12 47.7 2.1
9.53 49.77 9.1
11.05 54.52 8.3
8.25 50.07 9.8
8.53 48.75 7.2
8.6 51.28 6.4
8.52 51.18 5.9
12.63 51.88 8.7
9.83 51.35 8.7
10.22 49.22 7.5
8.23 48.28 9.4
8.57 54.68 8.4
9.95 49.77 9.1
13.75 50.72 4.3
10.98 47.42 -4.8
13.2 49 6.2
